# Rigorous spectral expansion for GKW operator (K=256)
# Method: Sylvester Riesz projectors + Schur perturbation bounds
# L^n 1 = Sigma_j lambda_j^n ell_j(1) v_j

# SECTION: ell_j(1) coefficients
# Format: j  lambda_j  ell_center  ell_radius  proj_norm  sep  sigma_min  sylv_err  pert_corr  nk_radius
1	1.000000000000002e+00	-8.329403702157819e-01	1.570082e-13	1.463332e+00	8.991155e-01	8.523721e-01	3.092140e-15	1.5392e-13	7.4000e-45
2	-3.036630028987325e-01	-4.512057683733251e-01	2.276820e-12	2.123113e+00	2.681668e-01	2.508778e-01	1.296811e-14	2.2639e-12	2.3300e-44
3	1.008845092931041e-01	2.019398742129173e-01	1.861248e-11	3.073324e+00	8.804072e-02	8.009311e-02	1.989231e-14	1.8593e-11	7.3200e-44
4	-3.549615902165985e-02	-8.740239297620930e-02	1.283702e-10	4.314451e+00	3.077838e-02	2.700698e-02	2.200497e-14	1.2835e-10	2.1700e-43
5	1.284379036244029e-02	3.694616111358295e-02	7.915356e-10	5.907555e+00	1.109512e-02	9.397615e-03	2.888715e-14	7.9151e-10	6.2200e-43
6	-4.717777511571040e-03	-1.534795416144258e-02	4.524074e-09	7.942371e+00	4.065757e-03	3.334676e-03	3.804133e-14	4.5240e-09	1.7500e-42
7	1.748675124305510e-03	6.294980419957319e-03	2.463667e-08	1.056859e+01	1.504544e-03	1.199472e-03	5.561835e-14	2.4637e-08	4.8500e-42
8	-6.520208583205048e-04	-2.557420914786490e-03	1.306103e-07	1.400497e+01	5.603318e-04	4.354580e-04	7.529469e-14	1.3061e-07	1.3300e-41
9	2.441314655245162e-04	1.031415191716381e-03	6.810231e-07	1.853973e+01	2.096149e-04	1.592135e-04	1.031463e-13	6.8102e-07	3.6300e-41
10	-9.168908376859343e-05	-4.135795744747439e-04	3.512015e-06	2.455606e+01	7.867139e-05	5.854221e-05	1.373528e-13	3.5120e-06	9.8500e-41
11	3.451654616385398e-05	1.650673619894389e-04	1.798001e-05	3.256786e+01	2.959976e-05	2.162335e-05	1.783083e-13	1.7980e-05	2.6600e-40
12	-1.301769787702306e-05	-6.562911756391531e-05	9.158507e-05	4.326269e+01	1.115839e-05	8.016409e-06	2.376638e-13	9.1585e-05	7.1600e-40
13	4.916782302464663e-06	2.600971674328977e-05	4.648916e-04	5.756377e+01	4.212971e-06	2.980905e-06	3.333536e-13	4.6489e-04	1.9200e-39
14	-1.859307351509008e-06	-1.027988138084890e-05	2.352388e-03	7.670242e+01	1.592666e-06	1.111341e-06	4.418966e-13	2.3524e-03	5.1500e-39
15	7.038113430871243e-07	4.053402970272292e-06	1.187053e-02	1.023316e+02	6.027208e-07	4.152553e-07	5.779887e-13	1.1871e-02	1.3800e-38
16	-2.666413434478983e-07	-1.595011839907021e-06	5.975138e-02	1.366674e+02	2.282916e-07	1.554610e-07	7.642605e-13	5.9751e-02	3.6700e-38
17	1.010905532215555e-07	6.265117065149674e-07	3.000999e-01	1.826819e+02	8.653441e-08	5.829897e-08	1.061899e-12	3.0010e-01	9.7800e-38
18	-3.834969795020388e-08	-2.457001581692603e-07	1.504905e+00	2.443612e+02	3.282213e-08	2.189509e-08	1.405212e-12	1.5049e+00	2.6000e-37
19	1.455613838671844e-08	9.622052387802463e-08	7.551373e+00	3.270525e+02	1.245622e-08	8.233922e-09	1.977807e-12	7.5514e+00	6.9200e-37
20	-5.527567937992178e-09	-3.763391639526833e-08	3.821605e+01	4.379288e+02	4.729522e-09	3.100136e-09	2.400549e-12	3.8216e+01	1.8400e-36

# SECTION: eigenvector coefficients
# Format: j  lambda_j  coeff_index  v_center  v_radius(=nk_radius)
1	1.000000000000002e+00	0	-8.660254037844393e-01	7.4000e-45
1	1.000000000000002e+00	1	4.330127018922195e-01	7.4000e-45
1	1.000000000000002e+00	2	-2.165063509461097e-01	7.4000e-45
1	1.000000000000002e+00	3	1.082531754730548e-01	7.4000e-45
1	1.000000000000002e+00	4	-5.412658773652738e-02	7.4000e-45
1	1.000000000000002e+00	5	2.706329386826369e-02	7.4000e-45
1	1.000000000000002e+00	6	-1.353164693413184e-02	7.4000e-45
1	1.000000000000002e+00	7	6.765823467065925e-03	7.4000e-45
1	1.000000000000002e+00	8	-3.382911733532959e-03	7.4000e-45
1	1.000000000000002e+00	9	1.691455866766481e-03	7.4000e-45
1	1.000000000000002e+00	10	-8.457279333832394e-04	7.4000e-45
1	1.000000000000002e+00	11	4.228639666916196e-04	7.4000e-45
1	1.000000000000002e+00	12	-2.114319833458101e-04	7.4000e-45
1	1.000000000000002e+00	13	1.057159916729049e-04	7.4000e-45
1	1.000000000000002e+00	14	-5.285799583645242e-05	7.4000e-45
1	1.000000000000002e+00	15	2.642899791822617e-05	7.4000e-45
1	1.000000000000002e+00	16	-1.321449895911307e-05	7.4000e-45
1	1.000000000000002e+00	17	6.607249479556578e-06	7.4000e-45
1	1.000000000000002e+00	18	-3.303624739778278e-06	7.4000e-45
1	1.000000000000002e+00	19	1.651812369889138e-06	7.4000e-45
1	1.000000000000002e+00	20	-8.259061849445665e-07	7.4000e-45
1	1.000000000000002e+00	21	4.129530924722840e-07	7.4000e-45
1	1.000000000000002e+00	22	-2.064765462361427e-07	7.4000e-45
1	1.000000000000002e+00	23	1.032382731180706e-07	7.4000e-45
1	1.000000000000002e+00	24	-5.161913655903479e-08	7.4000e-45
1	1.000000000000002e+00	25	2.580956827951781e-08	7.4000e-45
1	1.000000000000002e+00	26	-1.290478413975873e-08	7.4000e-45
1	1.000000000000002e+00	27	6.452392069879334e-09	7.4000e-45
1	1.000000000000002e+00	28	-3.226196034939604e-09	7.4000e-45
1	1.000000000000002e+00	29	1.613098017469845e-09	7.4000e-45
1	1.000000000000002e+00	30	-8.065490087349074e-10	7.4000e-45
1	1.000000000000002e+00	31	4.032745043674544e-10	7.4000e-45
1	1.000000000000002e+00	32	-2.016372521837344e-10	7.4000e-45
1	1.000000000000002e+00	33	1.008186260918567e-10	7.4000e-45
1	1.000000000000002e+00	34	-5.040931304592978e-11	7.4000e-45
1	1.000000000000002e+00	35	2.520465652296310e-11	7.4000e-45
1	1.000000000000002e+00	36	-1.260232826148274e-11	7.4000e-45
1	1.000000000000002e+00	37	6.301164130740961e-12	7.4000e-45
1	1.000000000000002e+00	38	-3.150582065370798e-12	7.4000e-45
1	1.000000000000002e+00	39	1.575291032685477e-12	7.4000e-45
1	1.000000000000002e+00	40	-7.876455163426681e-13	7.4000e-45
1	1.000000000000002e+00	41	3.938227581711677e-13	7.4000e-45
1	1.000000000000002e+00	42	-1.969113790856161e-13	7.4000e-45
1	1.000000000000002e+00	43	9.845568954281152e-14	7.4000e-45
1	1.000000000000002e+00	44	-4.922784477141349e-14	7.4000e-45
1	1.000000000000002e+00	45	2.461392238568389e-14	7.4000e-45
1	1.000000000000002e+00	46	-1.230696119284684e-14	7.4000e-45
1	1.000000000000002e+00	47	6.153480596423947e-15	7.4000e-45
1	1.000000000000002e+00	48	-3.076740298210122e-15	7.4000e-45
1	1.000000000000002e+00	49	1.538370149103681e-15	7.4000e-45
2	-3.036630028987325e-01	0	-5.705092065900895e-01	2.3300e-44
2	-3.036630028987325e-01	1	-4.162454996025227e-01	2.3300e-44
2	-3.036630028987325e-01	2	5.119616743648244e-01	2.3300e-44
2	-3.036630028987325e-01	3	-3.849198625430276e-01	2.3300e-44
2	-3.036630028987325e-01	4	2.461699714069846e-01	2.3300e-44
2	-3.036630028987325e-01	5	-1.450824897558148e-01	2.3300e-44
2	-3.036630028987325e-01	6	8.141216120369139e-02	2.3300e-44
2	-3.036630028987325e-01	7	-4.423293969453598e-02	2.3300e-44
2	-3.036630028987325e-01	8	2.350035792037573e-02	2.3300e-44
2	-3.036630028987325e-01	9	-1.228659435422486e-02	2.3300e-44
2	-3.036630028987325e-01	10	6.348844773090275e-03	2.3300e-44
2	-3.036630028987325e-01	11	-3.252331887278298e-03	2.3300e-44
2	-3.036630028987325e-01	12	1.655389018189290e-03	2.3300e-44
2	-3.036630028987325e-01	13	-8.385448951217761e-04	2.3300e-44
2	-3.036630028987325e-01	14	4.232609506299362e-04	2.3300e-44
2	-3.036630028987325e-01	15	-2.130819681459638e-04	2.3300e-44
2	-3.036630028987325e-01	16	1.070638416103621e-04	2.3300e-44
2	-3.036630028987325e-01	17	-5.371828369169990e-05	2.3300e-44
2	-3.036630028987325e-01	18	2.692483131601593e-05	2.3300e-44
2	-3.036630028987325e-01	19	-1.348529456292228e-05	2.3300e-44
2	-3.036630028987325e-01	20	6.750511996096307e-06	2.3300e-44
2	-3.036630028987325e-01	21	-3.377920178573169e-06	2.3300e-44
2	-3.036630028987325e-01	22	1.689847561415220e-06	2.3300e-44
2	-3.036630028987325e-01	23	-8.452136339001779e-07	2.3300e-44
2	-3.036630028987325e-01	24	4.226992475403560e-07	2.3300e-44
2	-3.036630028987325e-01	25	-2.113782243629528e-07	2.3300e-44
2	-3.036630028987325e-01	26	1.056976162531974e-07	2.3300e-44
2	-3.036630028987325e-01	27	-5.285119776815297e-08	2.3300e-44
2	-3.036630028987325e-01	28	2.642621314219299e-08	2.3300e-44
2	-3.036630028987325e-01	29	-1.321323992595850e-08	2.3300e-44
2	-3.036630028987325e-01	30	6.606637595447891e-09	2.3300e-44
2	-3.036630028987325e-01	31	-3.303315033416737e-09	2.3300e-44
2	-3.036630028987325e-01	32	1.651652970199862e-09	2.3300e-44
2	-3.036630028987325e-01	33	-8.258239210711983e-10	2.3300e-44
2	-3.036630028987325e-01	34	4.129108065988916e-10	2.3300e-44
2	-3.036630028987325e-01	35	-2.064549505914777e-10	2.3300e-44
2	-3.036630028987325e-01	36	1.032273186425736e-10	2.3300e-44
2	-3.036630028987325e-01	37	-5.161361348101838e-11	2.3300e-44
2	-3.036630028987325e-01	38	2.580679742523997e-11	2.3300e-44
2	-3.036630028987325e-01	39	-1.290339930073887e-11	2.3300e-44
2	-3.036630028987325e-01	40	6.451701809886108e-12	2.3300e-44
2	-3.036630028987325e-01	41	-3.225852584934440e-12	2.3300e-44
2	-3.036630028987325e-01	42	1.612927296683168e-12	2.3300e-44
2	-3.036630028987325e-01	43	-8.064641802570365e-13	2.3300e-44
2	-3.036630028987325e-01	44	4.032323520308133e-13	2.3300e-44
2	-3.036630028987325e-01	45	-2.016162985345967e-13	2.3300e-44
2	-3.036630028987325e-01	46	1.008082043548264e-13	2.3300e-44
2	-3.036630028987325e-01	47	-5.040412613818194e-14	2.3300e-44
2	-3.036630028987325e-01	48	2.520207318662427e-14	2.3300e-44
2	-3.036630028987325e-01	49	-1.260104074683127e-14	2.3300e-44
3	1.008845092931041e-01	0	9.044734494143894e-02	7.3200e-44
3	1.008845092931041e-01	1	7.068660107069947e-01	7.3200e-44
3	1.008845092931041e-01	2	-9.448985678838907e-02	7.3200e-44
3	1.008845092931041e-01	3	-3.086775037608492e-01	7.3200e-44
3	1.008845092931041e-01	4	4.051254176802515e-01	7.3200e-44
3	1.008845092931041e-01	5	-3.476166459551958e-01	7.3200e-44
3	1.008845092931041e-01	6	2.496457140478933e-01	7.3200e-44
3	1.008845092931041e-01	7	-1.620217337586289e-01	7.3200e-44
3	1.008845092931041e-01	8	9.845091317023351e-02	7.3200e-44
3	1.008845092931041e-01	9	-5.712525784794514e-02	7.3200e-44
3	1.008845092931041e-01	10	3.204372763552969e-02	7.3200e-44
3	1.008845092931041e-01	11	-1.752111277577152e-02	7.3200e-44
3	1.008845092931041e-01	12	9.393735956307808e-03	7.3200e-44
3	1.008845092931041e-01	13	-4.959729466249711e-03	7.3200e-44
3	1.008845092931041e-01	14	2.587326524421928e-03	7.3200e-44
3	1.008845092931041e-01	15	-1.336983238194977e-03	7.3200e-44
3	1.008845092931041e-01	16	6.857283123724840e-04	7.3200e-44
3	1.008845092931041e-01	17	-3.496382156907353e-04	7.3200e-44
3	1.008845092931041e-01	18	1.774497495781379e-04	7.3200e-44
3	1.008845092931041e-01	19	-8.973454725371956e-05	7.3200e-44
3	1.008845092931041e-01	20	4.525027185649293e-05	7.3200e-44
3	1.008845092931041e-01	21	-2.276868516840549e-05	7.3200e-44
3	1.008845092931041e-01	22	1.143747643166062e-05	7.3200e-44
3	1.008845092931041e-01	23	-5.738144993068464e-06	7.3200e-44
3	1.008845092931041e-01	24	2.876058448662100e-06	7.3200e-44
3	1.008845092931041e-01	25	-1.440503469033213e-06	7.3200e-44
3	1.008845092931041e-01	26	7.211118239872055e-07	7.3200e-44
3	1.008845092931041e-01	27	-3.608483233771698e-07	7.3200e-44
3	1.008845092931041e-01	28	1.805208786300578e-07	7.3200e-44
3	1.008845092931041e-01	29	-9.029130414896267e-08	7.3200e-44
3	1.008845092931041e-01	30	4.515502243216861e-08	7.3200e-44
3	1.008845092931041e-01	31	-2.258014560031369e-08	7.3200e-44
3	1.008845092931041e-01	32	1.129071698247710e-08	7.3200e-44
3	1.008845092931041e-01	33	-5.645468542820521e-09	7.3200e-44
3	1.008845092931041e-01	34	2.822726335860303e-09	7.3200e-44
3	1.008845092931041e-01	35	-1.411342241404517e-09	7.3200e-44
3	1.008845092931041e-01	36	7.056569180835199e-10	7.3200e-44
3	1.008845092931041e-01	37	-3.528209672805947e-10	7.3200e-44
3	1.008845092931041e-01	38	1.764069740138014e-10	7.3200e-44
3	1.008845092931041e-01	39	-8.820196224021762e-11	7.3200e-44
3	1.008845092931041e-01	40	4.410035591622502e-11	7.3200e-44
3	1.008845092931041e-01	41	-2.204993453063586e-11	7.3200e-44
3	1.008845092931041e-01	42	1.102487740454515e-11	7.3200e-44
3	1.008845092931041e-01	43	-5.512407566816571e-12	7.3200e-44
3	1.008845092931041e-01	44	2.756193909144350e-12	7.3200e-44
3	1.008845092931041e-01	45	-1.378094268757280e-12	7.3200e-44
3	1.008845092931041e-01	46	6.890466444693453e-13	7.3200e-44
3	1.008845092931041e-01	47	-3.445233854099148e-13	7.3200e-44
3	1.008845092931041e-01	48	1.722618290900806e-13	7.3200e-44
3	1.008845092931041e-01	49	-8.613101537608489e-14	7.3200e-44
4	-3.549615902165985e-02	0	-2.966845130687040e-02	2.1700e-43
4	-3.549615902165985e-02	1	-2.792405426545871e-01	2.1700e-43
4	-3.549615902165985e-02	2	-5.685386018879456e-01	2.1700e-43
4	-3.549615902165985e-02	3	4.482418832736598e-01	2.1700e-43
4	-3.549615902165985e-02	4	-3.340947457412827e-02	2.1700e-43
4	-3.549615902165985e-02	5	-2.516780089683271e-01	2.1700e-43
4	-3.549615902165985e-02	6	3.461878684945792e-01	2.1700e-43
4	-3.549615902165985e-02	7	-3.202397766613217e-01	2.1700e-43
4	-3.549615902165985e-02	8	2.475727934509845e-01	2.1700e-43
4	-3.549615902165985e-02	9	-1.719036358233406e-01	2.1700e-43
4	-3.549615902165985e-02	10	1.109877013254642e-01	2.1700e-43
4	-3.549615902165985e-02	11	-6.797314420313334e-02	2.1700e-43
4	-3.549615902165985e-02	12	3.999687694963996e-02	2.1700e-43
4	-3.549615902165985e-02	13	-2.281210729777058e-02	2.1700e-43
4	-3.549615902165985e-02	14	1.269193030865609e-02	2.1700e-43
4	-3.549615902165985e-02	15	-6.921510150203937e-03	2.1700e-43
4	-3.549615902165985e-02	16	3.713674526773669e-03	2.1700e-43
4	-3.549615902165985e-02	17	-1.966165621223701e-03	2.1700e-43
4	-3.549615902165985e-02	18	1.029638200599343e-03	2.1700e-43
4	-3.549615902165985e-02	19	-5.343708871202287e-04	2.1700e-43
4	-3.549615902165985e-02	20	2.752904970968400e-04	2.1700e-43
4	-3.549615902165985e-02	21	-1.409638172505049e-04	2.1700e-43
4	-3.549615902165985e-02	22	7.182453216815123e-05	2.1700e-43
4	-3.549615902165985e-02	23	-3.644913222879251e-05	2.1700e-43
4	-3.549615902165985e-02	24	1.843674598679862e-05	2.1700e-43
4	-3.549615902165985e-02	25	-9.301243855930750e-06	2.1700e-43
4	-3.549615902165985e-02	26	4.682596025540068e-06	2.1700e-43
4	-3.549615902165985e-02	27	-2.353477326652661e-06	2.1700e-43
4	-3.549615902165985e-02	28	1.181314479070637e-06	2.1700e-43
4	-3.549615902165985e-02	29	-5.923506033705458e-07	2.1700e-43
4	-3.549615902165985e-02	30	2.967913818495350e-07	2.1700e-43
4	-3.549615902165985e-02	31	-1.486154470624626e-07	2.1700e-43
4	-3.549615902165985e-02	32	7.438426942151448e-08	2.1700e-43
4	-3.549615902165985e-02	33	-3.721801265056318e-08	2.1700e-43
4	-3.549615902165985e-02	34	1.861741404684685e-08	2.1700e-43
4	-3.549615902165985e-02	35	-9.311286828854148e-09	2.1700e-43
4	-3.549615902165985e-02	36	4.656364909611769e-09	2.1700e-43
4	-3.549615902165985e-02	37	-2.328350123431145e-09	2.1700e-43
4	-3.549615902165985e-02	38	1.164195872593294e-09	2.1700e-43
4	-3.549615902165985e-02	39	-5.820889206792150e-10	2.1700e-43
4	-3.549615902165985e-02	40	2.910345036881164e-10	2.1700e-43
4	-3.549615902165985e-02	41	-1.455110083287516e-10	2.1700e-43
4	-3.549615902165985e-02	42	7.275223064707345e-11	2.1700e-43
4	-3.549615902165985e-02	43	-3.637455265493244e-11	2.1700e-43
4	-3.549615902165985e-02	44	1.818657485955511e-11	2.1700e-43
4	-3.549615902165985e-02	45	-9.092986911261605e-12	2.1700e-43
4	-3.549615902165985e-02	46	4.546369730190717e-12	2.1700e-43
4	-3.549615902165985e-02	47	-2.273135803000330e-12	2.1700e-43
4	-3.549615902165985e-02	48	1.136549191547110e-12	2.1700e-43
4	-3.549615902165985e-02	49	-5.682677739889404e-13	2.1700e-43
5	1.284379036244029e-02	0	8.804304398615981e-03	6.2200e-43
5	1.284379036244029e-02	1	1.282114165502299e-01	6.2200e-43
5	1.284379036244029e-02	2	4.062017203797258e-01	6.2200e-43
5	1.284379036244029e-02	3	2.504618933286866e-01	6.2200e-43
5	1.284379036244029e-02	4	-5.386456910676443e-01	6.2200e-43
5	1.284379036244029e-02	5	3.438578833344420e-01	6.2200e-43
5	1.284379036244029e-02	6	-1.768788118901271e-02	6.2200e-43
5	1.284379036244029e-02	7	-2.147637445035109e-01	6.2200e-43
5	1.284379036244029e-02	8	3.075368335291209e-01	6.2200e-43
5	1.284379036244029e-02	9	-3.000561734630239e-01	6.2200e-43
5	1.284379036244029e-02	10	2.448793930177011e-01	6.2200e-43
5	1.284379036244029e-02	11	-1.791186435803120e-01	6.2200e-43
5	1.284379036244029e-02	12	1.214453765856548e-01	6.2200e-43
5	1.284379036244029e-02	13	-7.783798839088241e-02	6.2200e-43
5	1.284379036244029e-02	14	4.776388997643352e-02	6.2200e-43
5	1.284379036244029e-02	15	-2.831102532620723e-02	6.2200e-43
5	1.284379036244029e-02	16	1.631478154439452e-02	6.2200e-43
5	1.284379036244029e-02	17	-9.185968853807278e-03	6.2200e-43
5	1.284379036244029e-02	18	5.073071114470978e-03	6.2200e-43
5	1.284379036244029e-02	19	-2.756580270587668e-03	6.2200e-43
5	1.284379036244029e-02	20	1.477504152579943e-03	6.2200e-43
5	1.284379036244029e-02	21	-7.828193143910521e-04	6.2200e-43
5	1.284379036244029e-02	22	4.107127721520660e-04	6.2200e-43
5	1.284379036244029e-02	23	-2.137027146961829e-04	6.2200e-43
5	1.284379036244029e-02	24	1.104160554375831e-04	6.2200e-43
5	1.284379036244029e-02	25	-5.671268417600418e-05	6.2200e-43
5	1.284379036244029e-02	26	2.898425539472399e-05	6.2200e-43
5	1.284379036244029e-02	27	-1.475125073432688e-05	6.2200e-43
5	1.284379036244029e-02	28	7.481377483545066e-06	6.2200e-43
5	1.284379036244029e-02	29	-3.783367849023520e-06	6.2200e-43
5	1.284379036244029e-02	30	1.908712519067877e-06	6.2200e-43
5	1.284379036244029e-02	31	-9.610703923677078e-07	6.2200e-43
5	1.284379036244029e-02	32	4.831495110900576e-07	6.2200e-43
5	1.284379036244029e-02	33	-2.425790552515206e-07	6.2200e-43
5	1.284379036244029e-02	34	1.216696432864247e-07	6.2200e-43
5	1.284379036244029e-02	35	-6.097629873535717e-08	6.2200e-43
5	1.284379036244029e-02	36	3.053979050667556e-08	6.2200e-43
5	1.284379036244029e-02	37	-1.528830826739509e-08	6.2200e-43
5	1.284379036244029e-02	38	7.650528808249246e-09	6.2200e-43
5	1.284379036244029e-02	39	-3.827386526726115e-09	6.2200e-43
5	1.284379036244029e-02	40	1.914360993521914e-09	6.2200e-43
5	1.284379036244029e-02	41	-9.573722805593478e-10	6.2200e-43
5	1.284379036244029e-02	42	4.787320837031684e-10	6.2200e-43
5	1.284379036244029e-02	43	-2.393720645080354e-10	6.2200e-43
5	1.284379036244029e-02	44	1.196835697366588e-10	6.2200e-43
5	1.284379036244029e-02	45	-5.983891614211007e-11	6.2200e-43
5	1.284379036244029e-02	46	2.991759805425864e-11	6.2200e-43
5	1.284379036244029e-02	47	-1.495779241935479e-11	6.2200e-43
5	1.284379036244029e-02	48	7.478399874079279e-12	6.2200e-43
5	1.284379036244029e-02	49	-3.738969393000067e-12	6.2200e-43
6	-4.717777511571040e-03	0	-2.928800530413123e-03	1.7500e-42
6	-4.717777511571040e-03	1	-5.271351148338374e-02	1.7500e-42
6	-4.717777511571040e-03	2	-2.575842127988159e-01	1.7500e-42
6	-4.717777511571040e-03	3	-3.773320990927043e-01	1.7500e-42
6	-4.717777511571040e-03	4	8.733264362254209e-02	1.7500e-42
6	-4.717777511571040e-03	5	3.795465917734140e-01	1.7500e-42
6	-4.717777511571040e-03	6	-4.868057627563018e-01	1.7500e-42
6	-4.717777511571040e-03	7	2.892103825028711e-01	1.7500e-42
6	-4.717777511571040e-03	8	-1.475498888264786e-02	1.7500e-42
6	-4.717777511571040e-03	9	-1.873669136700520e-01	1.7500e-42
6	-4.717777511571040e-03	10	2.790153490194356e-01	1.7500e-42
6	-4.717777511571040e-03	11	-2.841332266856120e-01	1.7500e-42
6	-4.717777511571040e-03	12	2.421703543463752e-01	1.7500e-42
6	-4.717777511571040e-03	13	-1.848404310426404e-01	1.7500e-42
6	-4.717777511571040e-03	14	1.305713818792567e-01	1.7500e-42
6	-4.717777511571040e-03	15	-8.702243352771924e-02	1.7500e-42
6	-4.717777511571040e-03	16	5.541063150093953e-02	1.7500e-42
6	-4.717777511571040e-03	17	-3.400541257231706e-02	1.7500e-42
6	-4.717777511571040e-03	18	2.024451960606378e-02	1.7500e-42
6	-4.717777511571040e-03	19	-1.174962679420521e-02	1.7500e-42
6	-4.717777511571040e-03	20	6.674144916942460e-03	1.7500e-42
6	-4.717777511571040e-03	21	-3.722143644491211e-03	1.7500e-42
6	-4.717777511571040e-03	22	2.043360714454964e-03	1.7500e-42
6	-4.717777511571040e-03	23	-1.106610946777364e-03	1.7500e-42
6	-4.717777511571040e-03	24	5.923006360959207e-04	1.7500e-42
6	-4.717777511571040e-03	25	-3.138130861863079e-04	1.7500e-42
6	-4.717777511571040e-03	26	1.648057674869297e-04	1.7500e-42
6	-4.717777511571040e-03	27	-8.589343219880843e-05	1.7500e-42
6	-4.717777511571040e-03	28	4.447157925196112e-05	1.7500e-42
6	-4.717777511571040e-03	29	-2.289463772487597e-05	1.7500e-42
6	-4.717777511571040e-03	30	1.172895932400794e-05	1.7500e-42
6	-4.717777511571040e-03	31	-5.983617333772974e-06	1.7500e-42
6	-4.717777511571040e-03	32	3.041684190113994e-06	1.7500e-42
6	-4.717777511571040e-03	33	-1.541505368402361e-06	1.7500e-42
6	-4.717777511571040e-03	34	7.792233530617288e-07	1.7500e-42
6	-4.717777511571040e-03	35	-3.930465757784440e-07	1.7500e-42
6	-4.717777511571040e-03	36	1.979004477808856e-07	1.7500e-42
6	-4.717777511571040e-03	37	-9.949577219096383e-08	1.7500e-42
6	-4.717777511571040e-03	38	4.996121350852604e-08	1.7500e-42
6	-4.717777511571040e-03	39	-2.506284094222453e-08	1.7500e-42
6	-4.717777511571040e-03	40	1.256261343354361e-08	1.7500e-42
6	-4.717777511571040e-03	41	-6.292919639900056e-09	1.7500e-42
6	-4.717777511571040e-03	42	3.150687385472937e-09	1.7500e-42
6	-4.717777511571040e-03	43	-1.576840162156970e-09	1.7500e-42
6	-4.717777511571040e-03	44	7.889305710798870e-10	1.7500e-42
6	-4.717777511571040e-03	45	-3.946305194928332e-10	1.7500e-42
6	-4.717777511571040e-03	46	1.973644720375074e-10	1.7500e-42
6	-4.717777511571040e-03	47	-9.869474184954206e-11	1.7500e-42
6	-4.717777511571040e-03	48	4.934937360057775e-11	1.7500e-42
6	-4.717777511571040e-03	49	-2.467425605186216e-11	1.7500e-42
7	1.748675124305510e-03	0	9.805528738544727e-04	4.8500e-42
7	1.748675124305510e-03	1	2.186058817290797e-02	4.8500e-42
7	1.748675124305510e-03	2	1.382017661899105e-01	4.8500e-42
7	1.748675124305510e-03	3	3.425693897591389e-01	4.8500e-42
7	1.748675124305510e-03	4	1.974401820931680e-01	4.8500e-42
7	1.748675124305510e-03	5	-2.944058526083396e-01	4.8500e-42
7	1.748675124305510e-03	6	-8.820767837160233e-02	4.8500e-42
7	1.748675124305510e-03	7	4.141574469752022e-01	4.8500e-42
7	1.748675124305510e-03	8	-4.443927502389188e-01	4.8500e-42
7	1.748675124305510e-03	9	2.571947848546631e-01	4.8500e-42
7	1.748675124305510e-03	10	-1.719397056668466e-02	4.8500e-42
7	1.748675124305510e-03	11	-1.650545895226667e-01	4.8500e-42
7	1.748675124305510e-03	12	2.561145567259918e-01	4.8500e-42
7	1.748675124305510e-03	13	-2.707196177555275e-01	4.8500e-42
7	1.748675124305510e-03	14	2.393966032465464e-01	4.8500e-42
7	1.748675124305510e-03	15	-1.894723084308636e-01	4.8500e-42
7	1.748675124305510e-03	16	1.386608877466475e-01	4.8500e-42
7	1.748675124305510e-03	17	-9.562834860634239e-02	4.8500e-42
7	1.748675124305510e-03	18	6.292378205385930e-02	4.8500e-42
7	1.748675124305510e-03	19	-3.984789001491625e-02	4.8500e-42
7	1.748675124305510e-03	20	2.444224287950629e-02	4.8500e-42
7	1.748675124305510e-03	21	-1.459348115161331e-02	4.8500e-42
7	1.748675124305510e-03	22	8.514311013484989e-03	4.8500e-42
7	1.748675124305510e-03	23	-4.869481125715147e-03	4.8500e-42
7	1.748675124305510e-03	24	2.737096261751941e-03	4.8500e-42
7	1.748675124305510e-03	25	-1.515380736465295e-03	4.8500e-42
7	1.748675124305510e-03	26	8.279160936282398e-04	4.8500e-42
7	1.748675124305510e-03	27	-4.470743911229909e-04	4.8500e-42
7	1.748675124305510e-03	28	2.389500572428234e-04	4.8500e-42
7	1.748675124305510e-03	29	-1.265605741158629e-04	4.8500e-42
7	1.748675124305510e-03	30	6.649993638468678e-05	4.8500e-42
7	1.748675124305510e-03	31	-3.469685434984819e-05	4.8500e-42
7	1.748675124305510e-03	32	1.799178174609933e-05	4.8500e-42
7	1.748675124305510e-03	33	-9.279039674879712e-06	4.8500e-42
7	1.748675124305510e-03	34	4.762900256761273e-06	4.8500e-42
7	1.748675124305510e-03	35	-2.434688625679474e-06	4.8500e-42
7	1.748675124305510e-03	36	1.240095083908334e-06	4.8500e-42
7	1.748675124305510e-03	37	-6.296760813015802e-07	4.8500e-42
7	1.748675124305510e-03	38	3.188733716584015e-07	4.8500e-42
7	1.748675124305510e-03	39	-1.611111086718920e-07	4.8500e-42
7	1.748675124305510e-03	40	8.124321724956533e-08	4.8500e-42
7	1.748675124305510e-03	41	-4.090099224355564e-08	4.8500e-42
7	1.748675124305510e-03	42	2.056271036010108e-08	4.8500e-42
7	1.748675124305510e-03	43	-1.032587109516149e-08	4.8500e-42
7	1.748675124305510e-03	44	5.180355874297491e-09	4.8500e-42
7	1.748675124305510e-03	45	-2.596891013342423e-09	4.8500e-42
7	1.748675124305510e-03	46	1.300986870098665e-09	4.8500e-42
7	1.748675124305510e-03	47	-6.514353176634377e-10	4.8500e-42
7	1.748675124305510e-03	48	3.260576646346529e-10	4.8500e-42
7	1.748675124305510e-03	49	-1.631474192522178e-10	4.8500e-42
8	-6.520208583205048e-04	0	-3.381603872121662e-04	1.3300e-41
8	-6.520208583205048e-04	1	-8.871262146912693e-03	1.3300e-41
8	-6.520208583205048e-04	2	-7.004026531192520e-02	1.3300e-41
8	-6.520208583205048e-04	3	-2.372522110898926e-01	1.3300e-41
8	-6.520208583205048e-04	4	-3.213523693996183e-01	1.3300e-41
8	-6.520208583205048e-04	5	4.540822990314730e-02	1.3300e-41
8	-6.520208583205048e-04	6	2.989896442576993e-01	1.3300e-41
8	-6.520208583205048e-04	7	-1.756204321021082e-01	1.3300e-41
8	-6.520208583205048e-04	8	-1.824940581783666e-01	1.3300e-41
8	-6.520208583205048e-04	9	4.188271574999839e-01	1.3300e-41
8	-6.520208583205048e-04	10	-4.119308014368884e-01	1.3300e-41
8	-6.520208583205048e-04	11	2.375144032847177e-01	1.3300e-41
8	-6.520208583205048e-04	12	-2.241201599316038e-02	1.3300e-41
8	-6.520208583205048e-04	13	-1.457422589813938e-01	1.3300e-41
8	-6.520208583205048e-04	14	2.366011286816783e-01	1.3300e-41
8	-6.520208583205048e-04	15	-2.588266985638155e-01	1.3300e-41
8	-6.520208583205048e-04	16	2.364595013689406e-01	1.3300e-41
8	-6.520208583205048e-04	17	-1.932054460425031e-01	1.3300e-41
8	-6.520208583205048e-04	18	1.458702790090878e-01	1.3300e-41
8	-6.520208583205048e-04	19	-1.037037715423075e-01	1.3300e-41
8	-6.520208583205048e-04	20	7.027859644000427e-02	1.3300e-41
8	-6.520208583205048e-04	21	-4.579088161885337e-02	1.3300e-41
8	-6.520208583205048e-04	22	2.886793040241892e-02	1.3300e-41
8	-6.520208583205048e-04	23	-1.769494054466203e-02	1.3300e-41
8	-6.520208583205048e-04	24	1.058658366908059e-02	1.3300e-41
8	-6.520208583205048e-04	25	-6.201494731854387e-03	1.3300e-41
8	-6.520208583205048e-04	26	3.566127109113680e-03	1.3300e-41
8	-6.520208583205048e-04	27	-2.017458096754656e-03	1.3300e-41
8	-6.520208583205048e-04	28	1.124935447216129e-03	1.3300e-41
8	-6.520208583205048e-04	29	-6.192465026926341e-04	1.3300e-41
8	-6.520208583205048e-04	30	3.369927753053153e-04	1.3300e-41
8	-6.520208583205048e-04	31	-1.815238281868953e-04	1.3300e-41
8	-6.520208583205048e-04	32	9.688951980981786e-05	1.3300e-41
8	-6.520208583205048e-04	33	-5.129474787165292e-05	1.3300e-41
8	-6.520208583205048e-04	34	2.695883018955966e-05	1.3300e-41
8	-6.520208583205048e-04	35	-1.407675734576080e-05	1.3300e-41
8	-6.520208583205048e-04	36	7.307790599360205e-06	1.3300e-41
8	-6.520208583205048e-04	37	-3.774251356957086e-06	1.3300e-41
8	-6.520208583205048e-04	38	1.940395281992387e-06	1.3300e-41
8	-6.520208583205048e-04	39	-9.935604097028546e-07	1.3300e-41
8	-6.520208583205048e-04	40	5.069343976961834e-07	1.3300e-41
8	-6.520208583205048e-04	41	-2.578409546341091e-07	1.3300e-41
8	-6.520208583205048e-04	42	1.307874161947970e-07	1.3300e-41
8	-6.520208583205048e-04	43	-6.618331991052043e-08	1.3300e-41
8	-6.520208583205048e-04	44	3.342248964307412e-08	1.3300e-41
8	-6.520208583205048e-04	45	-1.684850739211565e-08	1.3300e-41
8	-6.520208583205048e-04	46	8.480623350944678e-09	1.3300e-41
8	-6.520208583205048e-04	47	-4.263209624775795e-09	1.3300e-41
8	-6.520208583205048e-04	48	2.140797000362290e-09	1.3300e-41
8	-6.520208583205048e-04	49	-1.074040938515614e-09	1.3300e-41
9	2.441314655245162e-04	0	1.179954790974410e-04	3.6300e-41
9	2.441314655245162e-04	1	3.582501855233047e-03	3.6300e-41
9	2.441314655245162e-04	2	3.372528145070749e-02	3.6300e-41
9	2.441314655245162e-04	3	1.460305803036824e-01	3.6300e-41
9	2.441314655245162e-04	4	2.988682451482331e-01	3.6300e-41
9	2.441314655245162e-04	5	1.854547547115579e-01	3.6300e-41
9	2.441314655245162e-04	6	-2.324714188368805e-01	3.6300e-41
9	2.441314655245162e-04	7	-1.347744992260842e-01	3.6300e-41
9	2.441314655245162e-04	8	2.881317754276777e-01	3.6300e-41
9	2.441314655245162e-04	9	-8.117343180425904e-02	3.6300e-41
9	2.441314655245162e-04	10	-2.344947910192112e-01	3.6300e-41
9	2.441314655245162e-04	11	4.128947912732949e-01	3.6300e-41
9	2.441314655245162e-04	12	-3.872165510964016e-01	3.6300e-41
9	2.441314655245162e-04	13	2.253119575908889e-01	3.6300e-41
9	2.441314655245162e-04	14	-2.923845772934154e-02	3.6300e-41
9	2.441314655245162e-04	15	-1.283455714803042e-01	3.6300e-41
9	2.441314655245162e-04	16	2.192598469640966e-01	3.6300e-41
9	2.441314655245162e-04	17	-2.478749721457033e-01	3.6300e-41
9	2.441314655245162e-04	18	2.332856564493236e-01	3.6300e-41
9	2.441314655245162e-04	19	-1.961523662010632e-01	3.6300e-41
9	2.441314655245162e-04	20	1.522985576484887e-01	3.6300e-41
9	2.441314655245162e-04	21	-1.112777795900065e-01	3.6300e-41
9	2.441314655245162e-04	22	7.745196356469822e-02	3.6300e-41
9	2.441314655245162e-04	23	-5.179268754687474e-02	3.6300e-41
9	2.441314655245162e-04	24	3.348469128533912e-02	3.6300e-41
9	2.441314655245162e-04	25	-2.103114239347076e-02	3.6300e-41
9	2.441314655245162e-04	26	1.288188917038796e-02	3.6300e-41
9	2.441314655245162e-04	27	-7.718722464863294e-03	3.6300e-41
9	2.441314655245162e-04	28	4.536050386141681e-03	3.6300e-41
9	2.441314655245162e-04	29	-2.620099818537642e-03	3.6300e-41
9	2.441314655245162e-04	30	1.490283230082371e-03	3.6300e-41
9	2.441314655245162e-04	31	-8.360363733862340e-04	3.6300e-41
9	2.441314655245162e-04	32	4.632263339138821e-04	3.6300e-41
9	2.441314655245162e-04	33	-2.538091551061364e-04	3.6300e-41
9	2.441314655245162e-04	34	1.376707927800822e-04	3.6300e-41
9	2.441314655245162e-04	35	-7.399820803896877e-05	3.6300e-41
9	2.441314655245162e-04	36	3.944820770245843e-05	3.6300e-41
9	2.441314655245162e-04	37	-2.087398460247995e-05	3.6300e-41
9	2.441314655245162e-04	38	1.097157902112795e-05	3.6300e-41
9	2.441314655245162e-04	39	-5.731978791940478e-06	3.6300e-41
9	2.441314655245162e-04	40	2.978332070919111e-06	3.6300e-41
9	2.441314655245162e-04	41	-1.539977160135614e-06	3.6300e-41
9	2.441314655245162e-04	42	7.927710505572004e-07	3.6300e-41
9	2.441314655245162e-04	43	-4.065138236350515e-07	3.6300e-41
9	2.441314655245162e-04	44	2.077217682199488e-07	3.6300e-41
9	2.441314655245162e-04	45	-1.058126631687997e-07	3.6300e-41
9	2.441314655245162e-04	46	5.375238209047742e-08	3.6300e-41
9	2.441314655245162e-04	47	-2.723982607591785e-08	3.6300e-41
9	2.441314655245162e-04	48	1.377485445018282e-08	3.6300e-41
9	2.441314655245162e-04	49	-6.952859537120363e-09	3.6300e-41
10	-9.168908376859343e-05	0	-4.169373942619563e-05	9.8500e-41
10	-9.168908376859343e-05	1	-1.435680389818002e-03	9.8500e-41
10	-9.168908376859343e-05	2	-1.574032995407898e-02	9.8500e-41
10	-9.168908376859343e-05	3	-8.268819501722809e-02	9.8500e-41
10	-9.168908376859343e-05	4	-2.262074341636513e-01	9.8500e-41
10	-9.168908376859343e-05	5	-2.782206786800229e-01	9.8500e-41
10	-9.168908376859343e-05	6	1.159574971244585e-02	9.8500e-41
10	-9.168908376859343e-05	7	2.785181421746034e-01	9.8500e-41
10	-9.168908376859343e-05	8	-8.609101063297382e-02	9.8500e-41
10	-9.168908376859343e-05	9	-2.170521340348682e-01	9.8500e-41
10	-9.168908376859343e-05	10	2.468694204106603e-01	9.8500e-41
10	-9.168908376859343e-05	11	-1.244390711543320e-02	9.8500e-41
10	-9.168908376859343e-05	12	-2.634454714522645e-01	9.8500e-41
10	-9.168908376859343e-05	13	4.032995444260630e-01	9.8500e-41
10	-9.168908376859343e-05	14	-3.682813187949667e-01	9.8500e-41
10	-9.168908376859343e-05	15	2.179604779012497e-01	9.8500e-41
10	-9.168908376859343e-05	16	-3.705378777501624e-02	9.8500e-41
10	-9.168908376859343e-05	17	-1.122506661727440e-01	9.8500e-41
10	-9.168908376859343e-05	18	2.033766354489613e-01	9.8500e-41
10	-9.168908376859343e-05	19	-2.375070519895914e-01	9.8500e-41
10	-9.168908376859343e-05	20	2.298263540974784e-01	9.8500e-41
10	-9.168908376859343e-05	21	-1.983876490623901e-01	9.8500e-41
10	-9.168908376859343e-05	22	1.580142061093980e-01	9.8500e-41
10	-9.168908376859343e-05	23	-1.183700445946215e-01	9.8500e-41
10	-9.168908376859343e-05	24	8.442385251420195e-02	9.8500e-41
10	-9.168908376859343e-05	25	-5.781730321435610e-02	9.8500e-41
10	-9.168908376859343e-05	26	3.825911980919979e-02	9.8500e-41
10	-9.168908376859343e-05	27	-2.457982420422029e-02	9.8500e-41
10	-9.168908376859343e-05	28	1.538996430955823e-02	9.8500e-41
10	-9.168908376859343e-05	29	-9.419970468215581e-03	9.8500e-41
10	-9.168908376859343e-05	30	5.650968352891350e-03	9.8500e-41
10	-9.168908376859343e-05	31	-3.329592730725154e-03	9.8500e-41
10	-9.168908376859343e-05	32	1.930419385100776e-03	9.8500e-41
10	-9.168908376859343e-05	33	-1.103046874103130e-03	9.8500e-41
10	-9.168908376859343e-05	34	6.220429190591213e-04	9.8500e-41
10	-9.168908376859343e-05	35	-3.466266335074738e-04	9.8500e-41
10	-9.168908376859343e-05	36	1.910692608876782e-04	9.8500e-41
10	-9.168908376859343e-05	37	-1.042868969102210e-04	9.8500e-41
10	-9.168908376859343e-05	38	5.641045363101560e-05	9.8500e-41
10	-9.168908376859343e-05	39	-3.026394456588337e-05	9.8500e-41
10	-9.168908376859343e-05	40	1.611543060417323e-05	9.8500e-41
10	-9.168908376859343e-05	41	-8.523073906577098e-06	9.8500e-41
10	-9.168908376859343e-05	42	4.479736826660609e-06	9.8500e-41
10	-9.168908376859343e-05	43	-2.341281900306804e-06	9.8500e-41
10	-9.168908376859343e-05	44	1.217374595067257e-06	9.8500e-41
10	-9.168908376859343e-05	45	-6.300449912112216e-07	9.8500e-41
10	-9.168908376859343e-05	46	3.247041219242532e-07	9.8500e-41
10	-9.168908376859343e-05	47	-1.667058838008642e-07	9.8500e-41
10	-9.168908376859343e-05	48	8.529544354645575e-08	9.8500e-41
10	-9.168908376859343e-05	49	-4.350760571035671e-08	9.8500e-41
11	3.451654616385398e-05	0	1.485679978089520e-05	2.6600e-40
11	3.451654616385398e-05	1	5.727806807546096e-04	2.6600e-40
11	3.451654616385398e-05	2	7.163769423910981e-03	2.6600e-40
11	3.451654616385398e-05	3	4.429554551228086e-02	2.6600e-40
11	3.451654616385398e-05	4	1.509618332261129e-01	2.6600e-40
11	3.451654616385398e-05	5	2.718862582273096e-01	2.6600e-40
11	3.451654616385398e-05	6	1.659062497326921e-01	2.6600e-40
11	3.451654616385398e-05	7	-1.809633160191091e-01	2.6600e-40
11	3.451654616385398e-05	8	-1.748053039721876e-01	2.6600e-40
11	3.451654616385398e-05	9	2.370341519256321e-01	2.6600e-40
11	3.451654616385398e-05	10	2.747652202293152e-02	2.6600e-40
11	3.451654616385398e-05	11	-2.465454356024419e-01	2.6600e-40
11	3.451654616385398e-05	12	2.016992127990566e-01	2.6600e-40
11	3.451654616385398e-05	13	3.653955627970976e-02	2.6600e-40
11	3.451654616385398e-05	14	-2.791935479957747e-01	2.6600e-40
11	3.451654616385398e-05	15	3.927688988557015e-01	2.6600e-40
11	3.451654616385398e-05	16	-3.536505641964960e-01	2.6600e-40
11	3.451654616385398e-05	17	2.139012364718240e-01	2.6600e-40
11	3.451654616385398e-05	18	-4.549405716459637e-02	2.6600e-40
11	3.451654616385398e-05	19	-9.708607884607150e-02	2.6600e-40
11	3.451654616385398e-05	20	1.885060077333177e-01	2.6600e-40
11	3.451654616385398e-05	21	-2.274925581328467e-01	2.6600e-40
11	3.451654616385398e-05	22	2.260501454815450e-01	2.6600e-40
11	3.451654616385398e-05	23	-1.999643192554504e-01	2.6600e-40
11	3.451654616385398e-05	24	1.630669133098272e-01	2.6600e-40
11	3.451654616385398e-05	25	-1.249943242195853e-01	2.6600e-40
11	3.451654616385398e-05	26	9.117672508437182e-02	2.6600e-40
11	3.451654616385398e-05	27	-6.383324959735306e-02	2.6600e-40
11	3.451654616385398e-05	28	4.316082020309602e-02	2.6600e-40
11	3.451654616385398e-05	29	-2.831949193783939e-02	2.6600e-40
11	3.451654616385398e-05	30	1.809976560475728e-02	2.6600e-40
11	3.451654616385398e-05	31	-1.130267022739695e-02	2.6600e-40
11	3.451654616385398e-05	32	6.913690034804205e-03	2.6600e-40
11	3.451654616385398e-05	33	-4.151316459466029e-03	2.6600e-40
11	3.451654616385398e-05	34	2.451320381048564e-03	2.6600e-40
11	3.451654616385398e-05	35	-1.425727958604508e-03	2.6600e-40
11	3.451654616385398e-05	36	8.178869794663768e-04	2.6600e-40
11	3.451654616385398e-05	37	-4.633370441817551e-04	2.6600e-40
11	3.451654616385398e-05	38	2.594875123469046e-04	2.6600e-40
11	3.451654616385398e-05	39	-1.438041108075542e-04	2.6600e-40
11	3.451654616385398e-05	40	7.892959737480812e-05	2.6600e-40
11	3.451654616385398e-05	41	-4.294032358117890e-05	2.6600e-40
11	3.451654616385398e-05	42	2.317183052775607e-05	2.6600e-40
11	3.451654616385398e-05	43	-1.241113361783858e-05	2.6600e-40
11	3.451654616385398e-05	44	6.602100401092288e-06	2.6600e-40
11	3.451654616385398e-05	45	-3.489921067171769e-06	2.6600e-40
11	3.451654616385398e-05	46	1.834159717916534e-06	2.6600e-40
11	3.451654616385398e-05	47	-9.588616012737695e-07	2.6600e-40
11	3.451654616385398e-05	48	4.988460799629968e-07	2.6600e-40
11	3.451654616385398e-05	49	-2.583749857848597e-07	2.6600e-40
12	-1.301769787702306e-05	0	-5.332645338418064e-06	7.1600e-40
12	-1.301769787702306e-05	1	-2.275651045898881e-04	7.1600e-40
12	-1.301769787702306e-05	2	-3.199453387999537e-03	7.1600e-40
12	-1.301769787702306e-05	3	-2.274994488429528e-02	7.1600e-40
12	-1.301769787702306e-05	4	-9.276648463755867e-02	7.1600e-40
12	-1.301769787702306e-05	5	-2.176728581685278e-01	7.1600e-40
12	-1.301769787702306e-05	6	-2.490605708357825e-01	7.1600e-40
12	-1.301769787702306e-05	7	7.288018472591962e-04	7.1600e-40
12	-1.301769787702306e-05	8	2.454999529178150e-01	7.1600e-40
12	-1.301769787702306e-05	9	-1.039367785449489e-02	7.1600e-40
12	-1.301769787702306e-05	10	-2.431059152046031e-01	7.1600e-40
12	-1.301769787702306e-05	11	1.617971300427825e-01	7.1600e-40
12	-1.301769787702306e-05	12	1.032344677721696e-01	7.1600e-40
12	-1.301769787702306e-05	13	-2.499125834327366e-01	7.1600e-40
12	-1.301769787702306e-05	14	1.608890799921844e-01	7.1600e-40
12	-1.301769787702306e-05	15	7.124528228983347e-02	7.1600e-40
12	-1.301769787702306e-05	16	-2.870563906541284e-01	7.1600e-40
12	-1.301769787702306e-05	17	3.824002496227585e-01	7.1600e-40
12	-1.301769787702306e-05	18	-3.422499239813599e-01	7.1600e-40
12	-1.301769787702306e-05	19	2.121453220315058e-01	7.1600e-40
12	-1.301769787702306e-05	20	-5.432874475321666e-02	7.1600e-40
12	-1.301769787702306e-05	21	-8.261545949732560e-02	7.1600e-40
12	-1.301769787702306e-05	22	1.743571883062731e-01	7.1600e-40
12	-1.301769787702306e-05	23	-2.176779127796380e-01	7.1600e-40
12	-1.301769787702306e-05	24	2.219372809550267e-01	7.1600e-40
12	-1.301769787702306e-05	25	-2.009220247654981e-01	7.1600e-40
12	-1.301769787702306e-05	26	1.674938981882540e-01	7.1600e-40
12	-1.301769787702306e-05	27	-1.311602336650623e-01	7.1600e-40
12	-1.301769787702306e-05	28	9.769484239790506e-02	7.1600e-40
12	-1.301769787702306e-05	29	-6.981250979913285e-02	7.1600e-40
12	-1.301769787702306e-05	30	4.816184988549613e-02	7.1600e-40
12	-1.301769787702306e-05	31	-3.222938444095791e-02	7.1600e-40
12	-1.301769787702306e-05	32	2.099968274602077e-02	7.1600e-40
12	-1.301769787702306e-05	33	-1.336310969575483e-02	7.1600e-40
12	-1.301769787702306e-05	34	8.325875260339375e-03	7.1600e-40
12	-1.301769787702306e-05	35	-5.089791221428120e-03	7.1600e-40
12	-1.301769787702306e-05	36	3.058463383498260e-03	7.1600e-40
12	-1.301769787702306e-05	37	-1.809334210506846e-03	7.1600e-40
12	-1.301769787702306e-05	38	1.055211625649296e-03	7.1600e-40
12	-1.301769787702306e-05	39	-6.074191732920945e-04	7.1600e-40
12	-1.301769787702306e-05	40	3.454859626381681e-04	7.1600e-40
12	-1.301769787702306e-05	41	-1.943486577631717e-04	7.1600e-40
12	-1.301769787702306e-05	42	1.082223929621239e-04	7.1600e-40
12	-1.301769787702306e-05	43	-5.970042553982920e-05	7.1600e-40
12	-1.301769787702306e-05	44	3.264920884237919e-05	7.1600e-40
12	-1.301769787702306e-05	45	-1.771279477150659e-05	7.1600e-40
12	-1.301769787702306e-05	46	9.538549195605575e-06	7.1600e-40
12	-1.301769787702306e-05	47	-5.101525984862421e-06	7.1600e-40
12	-1.301769787702306e-05	48	2.711219089992942e-06	7.1600e-40
12	-1.301769787702306e-05	49	-1.432466325938823e-06	7.1600e-40
13	4.916782302464663e-06	0	1.925135039366047e-06	1.9200e-39
13	4.916782302464663e-06	1	9.012068819324403e-05	1.9200e-39
13	4.916782302464663e-06	2	1.407154598850090e-03	1.9200e-39
13	4.916782302464663e-06	3	1.131343420242206e-02	1.9200e-39
13	4.916782302464663e-06	4	5.365990895912166e-02	1.9200e-39
13	4.916782302464663e-06	5	1.545858194151475e-01	1.9200e-39
13	4.916782302464663e-06	6	2.516319452794314e-01	1.9200e-39
13	4.916782302464663e-06	7	1.500744027140897e-01	1.9200e-39
13	4.916782302464663e-06	8	-1.524195174285025e-01	1.9200e-39
13	4.916782302464663e-06	9	-1.809486503872708e-01	1.9200e-39
13	4.916782302464663e-06	10	1.719271622965299e-01	1.9200e-39
13	4.916782302464663e-06	11	1.148988970372270e-01	1.9200e-39
13	4.916782302464663e-06	12	-2.455723759300410e-01	1.9200e-39
13	4.916782302464663e-06	13	8.859164822006890e-02	1.9200e-39
13	4.916782302464663e-06	14	1.505517889819047e-01	1.9200e-39
13	4.916782302464663e-06	15	-2.411249134340734e-01	1.9200e-39
13	4.916782302464663e-06	16	1.264830789766626e-01	1.9200e-39
13	4.916782302464663e-06	17	9.570944676444523e-02	1.9200e-39
13	4.916782302464663e-06	18	-2.900432879089493e-01	1.9200e-39
13	4.916782302464663e-06	19	3.726075596713209e-01	1.9200e-39
13	4.916782302464663e-06	20	-3.332929822874786e-01	1.9200e-39
13	4.916782302464663e-06	21	2.120324613590868e-01	1.9200e-39
13	4.916782302464663e-06	22	-6.340291748662934e-02	1.9200e-39
13	4.916782302464663e-06	23	-6.868290715764200e-02	1.9200e-39
13	4.916782302464663e-06	24	1.607339850994688e-01	1.9200e-39
13	4.916782302464663e-06	25	-2.079583775641209e-01	1.9200e-39
13	4.916782302464663e-06	26	2.174761241415752e-01	1.9200e-39
13	4.916782302464663e-06	27	-2.012917011290135e-01	1.9200e-39
13	4.916782302464663e-06	28	1.713237756844433e-01	1.9200e-39
13	4.916782302464663e-06	29	-1.368743765196685e-01	1.9200e-39
13	4.916782302464663e-06	30	1.039637670732102e-01	1.9200e-39
13	4.916782302464663e-06	31	-7.572972700303950e-02	1.9200e-39
13	4.916782302464663e-06	32	5.323624594164870e-02	1.9200e-39
13	4.916782302464663e-06	33	-3.628938530245452e-02	1.9200e-39
13	4.916782302464663e-06	34	2.407766190438469e-02	1.9200e-39
13	4.916782302464663e-06	35	-1.559659575946445e-02	1.9200e-39
13	4.916782302464663e-06	36	9.888145254555537e-03	1.9200e-39
13	4.916782302464663e-06	37	-6.148717890808067e-03	1.9200e-39
13	4.916782302464663e-06	38	3.756814555339062e-03	1.9200e-39
13	4.916782302464663e-06	39	-2.258888691479904e-03	1.9200e-39
13	4.916782302464663e-06	40	1.338439194973789e-03	1.9200e-39
13	4.916782302464663e-06	41	-7.824384446841040e-04	1.9200e-39
13	4.916782302464663e-06	42	4.517629567368121e-04	1.9200e-39
13	4.916782302464663e-06	43	-2.578652373639349e-04	1.9200e-39
13	4.916782302464663e-06	44	1.456360046623596e-04	1.9200e-39
13	4.916782302464663e-06	45	-8.144712384337283e-05	1.9200e-39
13	4.916782302464663e-06	46	4.513580705596753e-05	1.9200e-39
13	4.916782302464663e-06	47	-2.480200336091447e-05	1.9200e-39
13	4.916782302464663e-06	48	1.352170882365337e-05	1.9200e-39
13	4.916782302464663e-06	49	-7.318046844376810e-06	1.9200e-39
14	-1.859307351509008e-06	0	-6.983920444934172e-07	5.1500e-39
14	-1.859307351509008e-06	1	-3.559043790910498e-05	5.1500e-39
14	-1.859307351509008e-06	2	-6.112061049858179e-04	5.1500e-39
14	-1.859307351509008e-06	3	-5.482401424255125e-03	5.1500e-39
14	-1.859307351509008e-06	4	-2.964351242983384e-02	5.1500e-39
14	-1.859307351509008e-06	5	-1.010081753891536e-01	5.1500e-39
14	-1.859307351509008e-06	6	-2.108954614202538e-01	5.1500e-39
14	-1.859307351509008e-06	7	-2.261360656509892e-01	5.1500e-39
14	-1.859307351509008e-06	8	-3.858622042314745e-03	5.1500e-39
14	-1.859307351509008e-06	9	2.222252450750331e-01	5.1500e-39
14	-1.859307351509008e-06	10	2.864120497328872e-02	5.1500e-39
14	-1.859307351509008e-06	11	-2.253285420771269e-01	5.1500e-39
14	-1.859307351509008e-06	12	6.506630077261708e-02	5.1500e-39
14	-1.859307351509008e-06	13	1.865821337334722e-01	5.1500e-39
14	-1.859307351509008e-06	14	-2.183449228959029e-01	5.1500e-39
14	-1.859307351509008e-06	15	2.755231110107766e-02	5.1500e-39
14	-1.859307351509008e-06	16	1.786146225836518e-01	5.1500e-39
14	-1.859307351509008e-06	17	-2.273302615706396e-01	5.1500e-39
14	-1.859307351509008e-06	18	9.839981326521562e-02	5.1500e-39
14	-1.859307351509008e-06	19	1.127696438496906e-01	5.1500e-39
14	-1.859307351509008e-06	20	-2.899242225177834e-01	5.1500e-39
14	-1.859307351509008e-06	21	3.635059413622151e-01	5.1500e-39
14	-1.859307351509008e-06	22	-3.261962440796163e-01	5.1500e-39
14	-1.859307351509008e-06	23	2.131034697640307e-01	5.1500e-39
14	-1.859307351509008e-06	24	-7.260708516263109e-02	5.1500e-39
14	-1.859307351509008e-06	25	-5.518310229573854e-02	5.1500e-39
14	-1.859307351509008e-06	26	1.475009333891211e-01	5.1500e-39
14	-1.859307351509008e-06	27	-1.982616411853654e-01	5.1500e-39
14	-1.859307351509008e-06	28	2.126608666560972e-01	5.1500e-39
14	-1.859307351509008e-06	29	-2.010984519763738e-01	5.1500e-39
14	-1.859307351509008e-06	30	1.745790954869718e-01	5.1500e-39
14	-1.859307351509008e-06	31	-1.421411543479272e-01	5.1500e-39
14	-1.859307351509008e-06	32	1.099700473124359e-01	5.1500e-39
14	-1.859307351509008e-06	33	-8.156162860470746e-02	5.1500e-39
14	-1.859307351509008e-06	34	5.835965424498533e-02	5.1500e-39
14	-1.859307351509008e-06	35	-4.047993052190023e-02	5.1500e-39
14	-1.859307351509008e-06	36	2.732128301783151e-02	5.1500e-39
14	-1.859307351509008e-06	37	-1.799757469446332e-02	5.1500e-39
14	-1.859307351509008e-06	38	1.160017095846779e-02	5.1500e-39
14	-1.859307351509008e-06	39	-7.331012798675960e-03	5.1500e-39
14	-1.859307351509008e-06	40	4.550820797037803e-03	5.1500e-39
14	-1.859307351509008e-06	41	-2.779152127188542e-03	5.1500e-39
14	-1.859307351509008e-06	42	1.671925613619557e-03	5.1500e-39
14	-1.859307351509008e-06	43	-9.920170261061589e-04	5.1500e-39
14	-1.859307351509008e-06	44	5.811345769250605e-04	5.1500e-39
14	-1.859307351509008e-06	45	-3.364336432979698e-04	5.1500e-39
14	-1.859307351509008e-06	46	1.926443425600028e-04	5.1500e-39
14	-1.859307351509008e-06	47	-1.091896893691832e-04	5.1500e-39
14	-1.859307351509008e-06	48	6.130278427313572e-05	5.1500e-39
14	-1.859307351509008e-06	49	-3.411386678885035e-05	5.1500e-39
15	7.038113430871243e-07	0	2.544001791989954e-07	1.3800e-38
15	7.038113430871243e-07	1	1.402247796758210e-05	1.3800e-38
15	7.038113430871243e-07	2	2.627206208813194e-04	1.3800e-38
15	7.038113430871243e-07	3	2.601206980721365e-03	1.3800e-38
15	7.038113430871243e-07	4	1.578894336104621e-02	1.3800e-38
15	7.038113430871243e-07	5	6.204381407582046e-02	1.3800e-38
15	7.038113430871243e-07	6	1.572237076513466e-01	1.3800e-38
15	7.038113430871243e-07	7	2.356539087902549e-01	1.3800e-38
15	7.038113430871243e-07	8	1.356142706951941e-01	1.3800e-38
15	7.038113430871243e-07	9	-1.332544874105962e-01	1.3800e-38
15	7.038113430871243e-07	10	-1.808645324961323e-01	1.3800e-38
15	7.038113430871243e-07	11	1.271488795553259e-01	1.3800e-38
15	7.038113430871243e-07	12	1.502648534214512e-01	1.3800e-38
15	7.038113430871243e-07	13	-1.929736819483365e-01	1.3800e-38
15	7.038113430871243e-07	14	-2.930921278364532e-02	1.3800e-38
15	7.038113430871243e-07	15	2.191044621655056e-01	1.3800e-38
15	7.038113430871243e-07	16	-1.807165807728370e-01	1.3800e-38
15	7.038113430871243e-07	17	-2.023979695822822e-02	1.3800e-38
15	7.038113430871243e-07	18	1.941553010182871e-01	1.3800e-38
15	7.038113430871243e-07	19	-2.121422801006949e-01	1.3800e-38
15	7.038113430871243e-07	20	7.590076583696140e-02	1.3800e-38
15	7.038113430871243e-07	21	1.244059024065242e-01	1.3800e-38
15	7.038113430871243e-07	22	-2.877731816591552e-01	1.3800e-38
15	7.038113430871243e-07	23	3.550792379737530e-01	1.3800e-38
15	7.038113430871243e-07	24	-3.205198967858994e-01	1.3800e-38
15	7.038113430871243e-07	25	2.150280721277856e-01	1.3800e-38
15	7.038113430871243e-07	26	-8.186036075023187e-02	1.3800e-38
15	7.038113430871243e-07	27	-4.204398497757517e-02	1.3800e-38
15	7.038113430871243e-07	28	1.345631716294365e-01	1.3800e-38
15	7.038113430871243e-07	29	-1.885377279495124e-01	1.3800e-38
15	7.038113430871243e-07	30	2.074900404312451e-01	1.3800e-38
15	7.038113430871243e-07	31	-2.003634223629462e-01	1.3800e-38
15	7.038113430871243e-07	32	1.772780852488435e-01	1.3800e-38
15	7.038113430871243e-07	33	-1.469633773349140e-01	1.3800e-38
15	7.038113430871243e-07	34	1.157010284394252e-01	1.3800e-38
15	7.038113430871243e-07	35	-8.728661837544974e-02	1.3800e-38
15	7.038113430871243e-07	36	6.350904733955297e-02	1.3800e-38
15	7.038113430871243e-07	37	-4.478192736877703e-02	1.3800e-38
15	7.038113430871243e-07	38	3.071781211971322e-02	1.3800e-38
15	7.038113430871243e-07	39	-2.055972513964113e-02	1.3800e-38
15	7.038113430871243e-07	40	1.346074544201010e-02	1.3800e-38
15	7.038113430871243e-07	41	-8.638838426546277e-03	1.3800e-38
15	7.038113430871243e-07	42	5.444404077028813e-03	1.3800e-38
15	7.038113430871243e-07	43	-3.374596447173464e-03	1.3800e-38
15	7.038113430871243e-07	44	2.059928073495519e-03	1.3800e-38
15	7.038113430871243e-07	45	-1.239805391211679e-03	1.3800e-38
15	7.038113430871243e-07	46	7.365143633919993e-04	1.3800e-38
15	7.038113430871243e-07	47	-4.322570215631357e-04	1.3800e-38
15	7.038113430871243e-07	48	2.508432087400003e-04	1.3800e-38
15	7.038113430871243e-07	49	-1.440435651672973e-04	1.3800e-38
16	-2.666413434478983e-07	0	-9.299623042642473e-08	3.6700e-38
16	-2.666413434478983e-07	1	-5.513568893363160e-06	3.6700e-38
16	-2.666413434478983e-07	2	-1.119331307960367e-04	3.6700e-38
16	-2.666413434478983e-07	3	-1.212612960807610e-03	3.6700e-38
16	-2.666413434478983e-07	4	-8.163603317531822e-03	3.6700e-38
16	-2.666413434478983e-07	5	-3.631672861730103e-02	3.6700e-38
16	-2.666413434478983e-07	6	-1.079274597900194e-01	3.6700e-38
16	-2.666413434478983e-07	7	-2.050550517372934e-01	3.6700e-38
16	-2.666413434478983e-07	8	-2.074334964217426e-01	3.6700e-38
16	-2.666413434478983e-07	9	-4.173327553041647e-03	3.6700e-38
16	-2.666413434478983e-07	10	2.033456024695286e-01	3.6700e-38
16	-2.666413434478983e-07	11	5.339849814017830e-02	3.6700e-38
16	-2.666413434478983e-07	12	-2.045499564351742e-01	3.6700e-38
16	-2.666413434478983e-07	13	2.723831918242196e-03	3.6700e-38
16	-2.666413434478983e-07	14	2.018673114618121e-01	3.6700e-38
16	-2.666413434478983e-07	15	-1.310765349116042e-01	3.6700e-38
16	-2.666413434478983e-07	16	-9.994522651910401e-02	3.6700e-38
16	-2.666413434478983e-07	17	2.269878781482140e-01	3.6700e-38
16	-2.666413434478983e-07	18	-1.419915296795825e-01	3.6700e-38
16	-2.666413434478983e-07	19	-5.650808823944545e-02	3.6700e-38
16	-2.666413434478983e-07	20	2.017237799197522e-01	3.6700e-38
16	-2.666413434478983e-07	21	-1.973436764927921e-01	3.6700e-38
16	-2.666413434478983e-07	22	5.812360600871179e-02	3.6700e-38
16	-2.666413434478983e-07	23	1.320086223915022e-01	3.6700e-38
16	-2.666413434478983e-07	24	-2.842583497764672e-01	3.6700e-38
16	-2.666413434478983e-07	25	3.472564647484406e-01	3.6700e-38
16	-2.666413434478983e-07	26	-3.159271858910242e-01	3.6700e-38
16	-2.666413434478983e-07	27	2.175618288157416e-01	3.6700e-38
16	-2.666413434478983e-07	28	-9.110054929081784e-02	3.6700e-38
16	-2.666413434478983e-07	29	-2.921618647808348e-02	3.6700e-38
16	-2.666413434478983e-07	30	1.218539213271249e-01	3.6700e-38
16	-2.666413434478983e-07	31	-1.787525384246331e-01	3.6700e-38
16	-2.666413434478983e-07	32	2.019655212305630e-01	3.6700e-38
16	-2.666413434478983e-07	33	-1.991050629734657e-01	3.6700e-38
16	-2.666413434478983e-07	34	1.794358855750506e-01	3.6700e-38
16	-2.666413434478983e-07	35	-1.513427370316148e-01	3.6700e-38
16	-2.666413434478983e-07	36	1.211447472166307e-01	3.6700e-38
16	-2.666413434478983e-07	37	-9.288448858047849e-02	3.6700e-38
16	-2.666413434478983e-07	38	6.866251263206635e-02	3.6700e-38
16	-2.666413434478983e-07	39	-4.917668842663284e-02	3.6700e-38
16	-2.666413434478983e-07	40	3.425423981497046e-02	3.6700e-38
16	-2.666413434478983e-07	41	-2.327603242150355e-02	3.6700e-38
16	-2.666413434478983e-07	42	1.546784459663268e-02	3.6700e-38
16	-2.666413434478983e-07	43	-1.007363078537746e-02	3.6700e-38
16	-2.666413434478983e-07	44	6.440957690731631e-03	3.6700e-38
16	-2.666413434478983e-07	45	-4.049381869681404e-03	3.6700e-38
16	-2.666413434478983e-07	46	2.506575576822729e-03	3.6700e-38
16	-2.666413434478983e-07	47	-1.529455263736832e-03	3.6700e-38
16	-2.666413434478983e-07	48	9.208930803389834e-04	3.6700e-38
16	-2.666413434478983e-07	49	-5.476493632012798e-04	3.6700e-38
17	1.010905532215555e-07	0	3.409855101886105e-08	9.7800e-38
17	1.010905532215555e-07	1	2.164073684608372e-06	9.7800e-38
17	1.010905532215555e-07	2	4.732837057586392e-05	9.7800e-38
17	1.010905532215555e-07	3	5.569096043383032e-04	9.7800e-38
17	1.010905532215555e-07	4	4.118022267598226e-03	9.7800e-38
17	1.010905532215555e-07	5	2.044865942696306e-02	9.7800e-38
17	1.010905532215555e-07	6	6.960699214226648e-02	9.7800e-38
17	1.010905532215555e-07	7	1.591450431286138e-01	9.7800e-38
17	1.010905532215555e-07	8	2.222737585139263e-01	9.7800e-38
17	1.010905532215555e-07	9	1.226096381858310e-01	9.7800e-38
17	1.010905532215555e-07	10	-1.207621444473231e-01	9.7800e-38
17	1.010905532215555e-07	11	-1.764914266303728e-01	9.7800e-38
17	1.010905532215555e-07	12	9.268432285166141e-02	9.7800e-38
17	1.010905532215555e-07	13	1.671941174325582e-01	9.7800e-38
17	1.010905532215555e-07	14	-1.440109329027895e-01	9.7800e-38
17	1.010905532215555e-07	15	-9.560269357206676e-02	9.7800e-38
17	1.010905532215555e-07	16	2.048400644246519e-01	9.7800e-38
17	1.010905532215555e-07	17	-6.473186494517802e-02	9.7800e-38
17	1.010905532215555e-07	18	-1.480928192873344e-01	9.7800e-38
17	1.010905532215555e-07	19	2.206869112573327e-01	9.7800e-38
17	1.010905532215555e-07	20	-1.062423118997088e-01	9.7800e-38
17	1.010905532215555e-07	21	-8.353279017277476e-02	9.7800e-38
17	1.010905532215555e-07	22	2.043071742646628e-01	9.7800e-38
17	1.010905532215555e-07	23	-1.837626331141388e-01	9.7800e-38
17	1.010905532215555e-07	24	4.426721292658156e-02	9.7800e-38
17	1.010905532215555e-07	25	1.365654188763857e-01	9.7800e-38
17	1.010905532215555e-07	26	-2.798038306506441e-01	9.7800e-38
17	1.010905532215555e-07	27	3.399475316190452e-01	9.7800e-38
17	1.010905532215555e-07	28	-3.121564256482854e-01	9.7800e-38
17	1.010905532215555e-07	29	2.205193046454750e-01	9.7800e-38
17	1.010905532215555e-07	30	-1.002780723989265e-01	9.7800e-38
17	1.010905532215555e-07	31	-1.666629635594137e-02	9.7800e-38
17	1.010905532215555e-07	32	1.093263899361494e-01	9.7800e-38
17	1.010905532215555e-07	33	-1.688835688769415e-01	9.7800e-38
17	1.010905532215555e-07	34	1.960918413623858e-01	9.7800e-38
17	1.010905532215555e-07	35	-1.973400077575811e-01	9.7800e-38
17	1.010905532215555e-07	36	1.810654461272465e-01	9.7800e-38
17	1.010905532215555e-07	37	-1.552801781156549e-01	9.7800e-38
17	1.010905532215555e-07	38	1.262898784973613e-01	9.7800e-38
17	1.010905532215555e-07	39	-9.833621707096564e-02	9.7800e-38
17	1.010905532215555e-07	40	7.379909475151525e-02	9.7800e-38
17	1.010905532215555e-07	41	-5.364588073949711e-02	9.7800e-38
17	1.010905532215555e-07	42	3.791731214395202e-02	9.7800e-38
17	1.010905532215555e-07	43	-2.613884997725243e-02	9.7800e-38
17	1.010905532215555e-07	44	1.761867908319101e-02	9.7800e-38
17	1.010905532215555e-07	45	-1.163612413609702e-02	9.7800e-38
17	1.010905532215555e-07	46	7.543343999236915e-03	9.7800e-38
17	1.010905532215555e-07	47	-4.807336910842903e-03	9.7800e-38
17	1.010905532215555e-07	48	3.015841971935616e-03	9.7800e-38
17	1.010905532215555e-07	49	-1.864593856605841e-03	9.7800e-38
18	-3.834969795020388e-08	0	-1.253612063126472e-08	2.6000e-37
18	-3.834969795020388e-08	1	-8.480734181499428e-07	2.6000e-37
18	-3.834969795020388e-08	2	-1.988009151820735e-05	2.6000e-37
18	-3.834969795020388e-08	3	-2.525099738228117e-04	2.6000e-37
18	-3.834969795020388e-08	4	-2.034380149851905e-03	2.6000e-37
18	-3.834969795020388e-08	5	-1.115103209089870e-02	2.6000e-37
18	-3.834969795020388e-08	6	-4.273439324141058e-02	2.6000e-37
18	-3.834969795020388e-08	7	-1.138188507113336e-01	2.6000e-37
18	-3.834969795020388e-08	8	-1.997966036839357e-01	2.6000e-37
18	-3.834969795020388e-08	9	-1.914544780471968e-01	2.6000e-37
18	-3.834969795020388e-08	10	-2.322922820201041e-03	2.6000e-37
18	-3.834969795020388e-08	11	1.886929830841770e-01	2.6000e-37
18	-3.834969795020388e-08	12	6.793458320266604e-02	2.6000e-37
18	-3.834969795020388e-08	13	-1.822509402027935e-01	2.6000e-37
18	-3.834969795020388e-08	14	-4.174851091657934e-02	2.6000e-37
18	-3.834969795020388e-08	15	1.960819555153427e-01	2.6000e-37
18	-3.834969795020388e-08	16	-5.820406083938934e-02	2.6000e-37
18	-3.834969795020388e-08	17	-1.568111345288743e-01	2.6000e-37
18	-3.834969795020388e-08	18	1.804925462057972e-01	2.6000e-37
18	-3.834969795020388e-08	19	-4.919820633239452e-03	2.6000e-37
18	-3.834969795020388e-08	20	-1.784101744452820e-01	2.6000e-37
18	-3.834969795020388e-08	21	2.069502300554873e-01	2.6000e-37
18	-3.834969795020388e-08	22	-7.494496782547111e-02	2.6000e-37
18	-3.834969795020388e-08	23	-1.034061868042538e-01	2.6000e-37
18	-3.834969795020388e-08	24	2.038444861312466e-01	2.6000e-37
18	-3.834969795020388e-08	25	-1.717288735100579e-01	2.6000e-37
18	-3.834969795020388e-08	26	3.364438819436276e-02	2.6000e-37
18	-3.834969795020388e-08	27	1.387872206505747e-01	2.6000e-37
18	-3.834969795020388e-08	28	-2.746830985672261e-01	2.6000e-37
18	-3.834969795020388e-08	29	3.330599458569923e-01	2.6000e-37
18	-3.834969795020388e-08	30	-3.090014874670091e-01	2.6000e-37
18	-3.834969795020388e-08	31	2.237567535002666e-01	2.6000e-37
18	-3.834969795020388e-08	32	-1.093521206567033e-01	2.6000e-37
18	-3.834969795020388e-08	33	-4.372410569255613e-03	2.6000e-37
18	-3.834969795020388e-08	34	9.694835677514113e-02	2.6000e-37
18	-3.834969795020388e-08	35	-1.589169872992829e-01	2.6000e-37
18	-3.834969795020388e-08	36	1.898757019625091e-01	2.6000e-37
18	-3.834969795020388e-08	37	-1.950836969656495e-01	2.6000e-37
18	-3.834969795020388e-08	38	1.821781884483091e-01	2.6000e-37
18	-3.834969795020388e-08	39	-1.587761940284747e-01	2.6000e-37
18	-3.834969795020388e-08	40	1.311257145159278e-01	2.6000e-37
18	-3.834969795020388e-08	41	-1.036238247672204e-01	2.6000e-37
18	-3.834969795020388e-08	42	7.889867931833994e-02	2.6000e-37
18	-3.834969795020388e-08	43	-5.817148857676411e-02	2.6000e-37
18	-3.834969795020388e-08	44	4.169355747098942e-02	2.6000e-37
18	-3.834969795020388e-08	45	-2.913995176607681e-02	2.6000e-37
18	-3.834969795020388e-08	46	1.990973973501339e-02	2.6000e-37
18	-3.834969795020388e-08	47	-1.332637362611644e-02	2.6000e-37
18	-3.834969795020388e-08	48	8.753893365284995e-03	2.6000e-37
18	-3.834969795020388e-08	49	-5.651940855359287e-03	2.6000e-37
19	1.455613838671844e-08	0	4.619652244137804e-09	6.9200e-37
19	1.455613838671844e-08	1	3.318893672100960e-07	6.9200e-37
19	1.455613838671844e-08	2	8.302373011142642e-06	6.9200e-37
19	1.455613838671844e-08	3	1.132237888550662e-04	6.9200e-37
19	1.455613838671844e-08	4	9.871994362241092e-04	6.9200e-37
19	1.455613838671844e-08	5	5.919244160379549e-03	6.9200e-37
19	1.455613838671844e-08	6	2.520389327289812e-02	6.9200e-37
19	1.455613838671844e-08	7	7.647407192938219e-02	6.9200e-37
19	1.455613838671844e-08	8	1.604850575518303e-01	6.9200e-37
19	1.455613838671844e-08	9	2.106349552089766e-01	6.9200e-37
19	1.455613838671844e-08	10	1.106796906277930e-01	6.9200e-37
19	1.455613838671844e-08	11	-1.123935637954452e-01	6.9200e-37
19	1.455613838671844e-08	12	-1.708651280018051e-01	6.9200e-37
19	1.455613838671844e-08	13	6.753899286134578e-02	6.9200e-37
19	1.455613838671844e-08	14	1.716546173008945e-01	6.9200e-37
19	1.455613838671844e-08	15	-9.903501450056920e-02	6.9200e-37
19	1.455613838671844e-08	16	-1.353377409850442e-01	6.9200e-37
19	1.455613838671844e-08	17	1.698156966411047e-01	6.9200e-37
19	1.455613838671844e-08	18	2.221047677754091e-02	6.9200e-37
19	1.455613838671844e-08	19	-1.861713456886933e-01	6.9200e-37
19	1.455613838671844e-08	20	1.436163172151421e-01	6.9200e-37
19	1.455613838671844e-08	21	4.473330370119935e-02	6.9200e-37
19	1.455613838671844e-08	22	-1.956850437673073e-01	6.9200e-37
19	1.455613838671844e-08	23	1.899038379311845e-01	6.9200e-37
19	1.455613838671844e-08	24	-4.834529242975638e-02	6.9200e-37
19	1.455613838671844e-08	25	-1.178411573582903e-01	6.9200e-37
19	1.455613838671844e-08	26	2.015875058981666e-01	6.9200e-37
19	1.455613838671844e-08	27	-1.613143142140531e-01	6.9200e-37
19	1.455613838671844e-08	28	2.568526734638854e-02	6.9200e-37
19	1.455613838671844e-08	29	1.391929385515237e-01	6.9200e-37
19	1.455613838671844e-08	30	-2.690746976131171e-01	6.9200e-37
19	1.455613838671844e-08	31	3.265063607139304e-01	6.9200e-37
19	1.455613838671844e-08	32	-3.062980054016760e-01	6.9200e-37
19	1.455613838671844e-08	33	2.271606057895935e-01	6.9200e-37
19	1.455613838671844e-08	34	-1.182881513968828e-01	6.9200e-37
19	1.455613838671844e-08	35	7.678908784719508e-03	6.9200e-37
19	1.455613838671844e-08	36	8.469844620601737e-02	6.9200e-37
19	1.455613838671844e-08	37	-1.488455817765247e-01	6.9200e-37
19	1.455613838671844e-08	38	1.833256171649999e-01	6.9200e-37
19	1.455613838671844e-08	39	-1.923508273059369e-01	6.9200e-37
19	1.455613838671844e-08	40	1.827845040222867e-01	6.9200e-37
19	1.455613838671844e-08	41	-1.618310641739167e-01	6.9200e-37
19	1.455613838671844e-08	42	1.356421642522725e-01	6.9200e-37
19	1.455613838671844e-08	43	-1.087302763624808e-01	6.9200e-37
19	1.455613838671844e-08	44	8.394190837207920e-02	6.9200e-37
19	1.455613838671844e-08	45	-6.273578796794935e-02	6.9200e-37
19	1.455613838671844e-08	46	4.556931155715219e-02	6.9200e-37
19	1.455613838671844e-08	47	-3.227057836937210e-02	6.9200e-37
19	1.455613838671844e-08	48	2.233683807754886e-02	6.9200e-37
19	1.455613838671844e-08	49	-1.514377634690294e-02	6.9200e-37
20	-5.527567937992178e-09	0	-1.705924611977319e-09	1.8400e-36
20	-5.527567937992178e-09	1	-1.297224851446128e-07	1.8400e-36
20	-5.527567937992178e-09	2	-3.449567968901011e-06	1.8400e-36
20	-5.527567937992178e-09	3	-5.027571328722144e-05	1.8400e-36
20	-5.527567937992178e-09	4	-4.716692252304828e-04	1.8400e-36
20	-5.527567937992178e-09	5	-3.070596437987383e-03	1.8400e-36
20	-5.527567937992178e-09	6	-1.437542344776075e-02	1.8400e-36
20	-5.527567937992178e-09	7	-4.888572259473878e-02	1.8400e-36
20	-5.527567937992178e-09	8	-1.188784696613884e-01	1.8400e-36
20	-5.527567937992178e-09	9	-1.948839938389730e-01	1.8400e-36
20	-5.527567937992178e-09	10	-1.773917354270692e-01	1.8400e-36
20	-5.527567937992178e-09	11	8.432805048814763e-04	1.8400e-36
20	-5.527567937992178e-09	12	1.770671361765486e-01	1.8400e-36
20	-5.527567937992178e-09	13	7.655058268913244e-02	1.8400e-36
20	-5.527567937992178e-09	14	-1.623063386578999e-01	1.8400e-36
20	-5.527567937992178e-09	15	-7.103906609027494e-02	1.8400e-36
20	-5.527567937992178e-09	16	1.776084588866501e-01	1.8400e-36
20	-5.527567937992178e-09	17	2.113416978182880e-03	1.8400e-36
20	-5.527567937992178e-09	18	-1.786808820479523e-01	1.8400e-36
20	-5.527567937992178e-09	19	1.174357908953875e-01	1.8400e-36
20	-5.527567937992178e-09	20	8.564836007678063e-02	1.8400e-36
20	-5.527567937992178e-09	21	-1.926193971100256e-01	1.8400e-36
20	-5.527567937992178e-09	22	1.031083187700390e-01	1.8400e-36
20	-5.527567937992178e-09	23	8.401196410076725e-02	1.8400e-36
20	-5.527567937992178e-09	24	-2.038678023622968e-01	1.8400e-36
20	-5.527567937992178e-09	25	1.719726659872022e-01	1.8400e-36
20	-5.527567937992178e-09	26	-2.614709782263122e-02	1.8400e-36
20	-5.527567937992178e-09	27	-1.281727407347965e-01	1.8400e-36
20	-5.527567937992178e-09	28	1.983403129099207e-01	1.8400e-36
20	-5.527567937992178e-09	29	-1.524614715516087e-01	1.8400e-36
20	-5.527567937992178e-09	30	1.992405843675947e-02	1.8400e-36
20	-5.527567937992178e-09	31	1.381666368880250e-01	1.8400e-36
20	-5.527567937992178e-09	32	-2.630963338754885e-01	1.8400e-36
20	-5.527567937992178e-09	33	3.202076493927704e-01	1.8400e-36
20	-5.527567937992178e-09	34	-3.039134809434214e-01	1.8400e-36
20	-5.527567937992178e-09	35	2.306396163928928e-01	1.8400e-36
20	-5.527567937992178e-09	36	-1.270562255736585e-01	1.8400e-36
20	-5.527567937992178e-09	37	1.949476948319441e-02	1.8400e-36
20	-5.527567937992178e-09	38	7.256349551581380e-02	1.8400e-36
20	-5.527567937992178e-09	39	-1.386672857547482e-01	1.8400e-36
20	-5.527567937992178e-09	40	1.764516473061795e-01	1.8400e-36
20	-5.527567937992178e-09	41	-1.891556816092927e-01	1.8400e-36
20	-5.527567937992178e-09	42	1.828941333955653e-01	1.8400e-36
20	-5.527567937992178e-09	43	-1.644450456292696e-01	1.8400e-36
20	-5.527567937992178e-09	44	1.398297648632278e-01	1.8400e-36
20	-5.527567937992178e-09	45	-1.136394121924597e-01	1.8400e-36
20	-5.527567937992178e-09	46	8.891012007308907e-02	1.8400e-36
20	-5.527567937992178e-09	47	-6.732133119093209e-02	1.8400e-36
20	-5.527567937992178e-09	48	4.953074209768495e-02	1.8400e-36
20	-5.527567937992178e-09	49	-3.552147868258623e-02	1.8400e-36
